48559
41560
48852
53561
44110
47548
51773
58621
43432
39825
53838
34997
40773
46790
53804
12932
59312
54324
43743
55980
56680
38144
53094
49900
56328
47457
54447
42241
47230
50248
24376
52091
48145
40027
57887
54588
52381
49747
12100
50207
53078
51765
35527
53774
57449
60086
47080
42529
43171
44398
61690
42922
49212
50397
48177
35690
42742
19976
38054
54687
48185
14010
53500
53324
39590
66862
55850
43984
50024
55042
58633
32097
60049
23891
23480
35442
46051
50395
22582
66459
60621
10875
30889
46471
54122
5184
54040
51687
44017
50734
59301
34110
55244
50757
40363
51428
61576
60742
51016
58500
41074
39216
52435
20817
44215
61472
26124
46135
50578
27498
45431
43016
45177
53703
50282
47828
37544
61139
52524
48982
51316
49544
42172
59394
59597
55167
38666
40571
37275
61586
45301
39239
52593
52450
31988
51845
41337
45928
50195
52453
52999
56577
50938
26629
32314
54053
49926
70613
61011
23475
58206
54497
19906
51413
37511
42133
35415
61660
39983
68330
37598
51246
62472
52464
52812
51337
52321
48033
45509
51429
53555
55975
13401
39632
59320
4809
37128
32306
38251
52556
35219
51981
47695
49677
35214
49953
52538
47211
59084
56760
60824
47048
51201
55007
32615
41417
50886
50250
20725
42515
30888
50618
41291
54621
54179
50230
54909
54699
52490
33819
57671
34750
47793
33693
64875
46349
42641
52713
44836
59077
46002
41213
51292
40214
13157
57223
44031
49520
52721
56445
58171
51881
58973
27382
43747
48641
46864
42769
50617
44186
45637
47386
19472
65939
56849
47618
48664

Max Calories = 70613